903,7359
903,3255
902,3505
903,3889
902,7848
903,4960
903,3266
903,3474
903,7358
903,3458
902,7847
903,7357
902,7846
902,7845
903,7356
902,7844
903,7355
902,7843
903,7354
903,5384
902,7842
903,4958
903,7353
0,751
902,7841
0,750
903,7352
0,749
902,7840
0,748
903,7351
902,7839
902,7838
903,7350
1310,48
1310,47
1310,46
1310,45
1310,44
1310,43
1310,42
1310,41
1310,40
1310,39
1310,38
1310,37
1310,36
1310,35
902,3335
902,3333
902,3331
902,3329
902,3091
902,2899
902,2898
902,2897
902,2894
902,2891
902,2890
902,2889
902,2888
902,2886
902,2885
902,2882
902,2833
902,2750
902,2749
902,2748
902,2747
902,2746
902,2745
902,2744
902,2741
902,2734
902,2732
902,2731
902,2730
902,2729
902,2728
902,2726
902,2725
902,2722
902,2721
902,2720
902,2717
902,2716
902,2715
902,2714
902,2713
902,2712
902,2711
902,2709
902,2708
902,2707
902,2706
902,2705
902,2701
902,2700
902,2698
902,2696
902,2695
902,2694
902,2693
902,2691
902,2690
902,2688
902,2366
902,2362
902,2320
902,2224
902,2193
902,2190
902,2171
902,2168
902,1116
902,958
902,957
902,956
902,955
902,954
902,953
902,952
902,951
902,950
902,949
902,948
902,947
902,946
902,945
902,944
902,943
902,942
902,941
902,940
902,939
902,938
902,937
902,936
902,935
902,934
902,933
902,931
902,930
902,929
902,928
902,927
902,926
902,925
902,924
902,922
902,921
902,920
902,919
902,918
902,917
902,916
902,915
902,913
902,910
902,906
902,905
902,904
902,903
902,902
902,498
902,496
902,493
902,491
902,490
902,489
902,488
902,487
902,486
902,482
902,480
902,479
902,478
902,477
902,476
902,475
902,474
902,473
902,472
902,471
902,469
902,468
902,466
902,465
902,464
902,462
902,461
902,460
902,458
902,457
902,1
902,452
902,21
902,20
902,14
902,13
14,19
14,8
14,7
14,1
0,818
0,804
0,802
0,798
0,790
0,781
0,774
0,773
0,772
0,666
0,571
0,565
0,533
0,475
0,371
0,367
0,357
0,350
0,348
0,343
0,318
0,312
0,302
0,291
0,0
1310,34
1310,33
1310,32
1310,31
1310,30
1310,29
1310,28
1310,27
1310,26
1310,25
1310,24
1310,23
1310,22
1310,21
1310,20
1310,19
1310,18
1310,17
1310,16
1310,15
1310,14
1310,13
1310,12
1310,11
1310,10
1310,9
1310,8
1310,7
1310,6
1310,5
1310,4
1310,3
1310,2
1310,0
0,770
0,524
0,276
0,275
0,272
0,271
0,316
0,12
0,410
0,10
0,8
0,725
0,436
0,268
0,715
0,435
0,267
0,521
0,787
0,266
0,741
0,434
0,265
0,466
0,708
0,264
0,520
0,304
0,263
0,721
0,431
0,262
0,779
0,465
0,261
0,716
0,464
0,260
0,710
0,430
0,259
0,429
0,258
0,438
0,257
0,512
0,548
0,256
0,830
0,427
0,255
0,461
0,254
0,511
0,706
0,253
0,704
0,424
0,252
0,713
0,460
0,251
0,730
0,459
0,250
0,797
0,423
0,249
0,824
0,422
0,248
0,810
0,421
0,247
0,508
0,768
0,246
0,724
0,420
0,245
0,456
0,744
0,244
0,507
0,570
0,242
0,341
0,417
0,241
902,3336
902,3337
902,3341
902,3342
902,3347
902,3349
902,3352
902,3355
902,3356
902,3359
902,3360
902,3362
902,3364
902,3367
902,3371
902,3372
902,3376
902,3379
902,3382
902,3387
902,3389
902,3391
902,3457
902,3459
902,3461
902,3464
902,3466
902,3467
902,3471
902,3472
902,3475
902,3480
902,3481
902,3485
902,3486
902,3489
902,3492
902,3493
902,3496
902,3497
902,3499
902,3500
902,3502
902,3504
902,3507
902,3512
902,3513
902,3517
902,3519
902,3663
902,3972
902,3973
902,3976
902,3981
902,3982
902,3986
902,3988
902,3993
902,3994
902,3998
902,4000
902,4001
902,4004
902,4005
902,4010
902,4012
902,4013
902,4015
902,4017
902,4022
902,4024
902,4028
902,4030
902,4031
902,4064
902,4065
902,4067
902,4097
902,4161
902,4163
902,4167
902,4172
902,4175
902,4179
902,4480
902,4481
902,4672
902,4673
902,4829
902,4831
902,4832
902,4834
902,4835
902,4837
902,4839
902,4840
902,4842
902,4843
902,4845
902,4846
902,4848
902,4850
902,4851
902,4853
902,4854
902,4856
902,4858
902,4859
902,4861
902,4862
902,4864
902,4865
902,4867
902,4869
902,4870
902,4872
902,4873
902,4875
902,4877
902,4878
902,4880
902,4881
902,4883
902,4884
902,4886
902,4888
902,4889
902,4891
902,4892
902,4894
902,4896
902,4897
902,4899
902,4900
902,4902
902,4903
902,4905
902,4907
902,4908
902,4910
902,4911
902,4913
902,4915
902,4916
902,4918
902,4919
902,4921
902,4923
902,4924
902,4926
902,4927
902,4929
902,4930
902,4932
902,4934
902,4935
902,4937
902,4938
902,4940
902,4942
902,4943
902,4945
902,4946
902,4948
902,4949
902,4951
902,4953
902,4954
902,4956
902,4957
902,4959
902,4961
902,4962
902,4964
902,4965
902,4967
902,4968
902,4970
902,4972
902,4973
902,4975
902,4976
902,4978
902,4980
902,4981
902,4983
902,4984
902,4986
902,4988
902,4989
902,4991
902,4992
902,4994
902,4995
902,4997
902,4999
902,5000
902,5002
902,5003
902,5005
902,5007
902,5008
902,5010
902,5011
902,5013
902,5014
902,5016
902,5018
902,5019
902,5021
902,5022
902,5024
902,5026
902,5027
902,5029
902,5030
902,5032
902,5033
902,5035
902,5037
902,5038
902,5040
902,5041
902,5043
902,5045
902,5046
902,5048
902,5049
902,5051
902,5052
902,5054
902,5056
902,5057
902,5059
902,5060
902,5062
902,5064
902,5065
902,5067
902,5068
902,5070
902,5072
902,5073
902,5075
902,5076
902,5078
2,3
2,2
13,1
14,3
18,3
18,1
902,5080
902,5082
902,5083
902,5085
902,5086
902,5088
902,5089
902,5091
902,5093
902,5094
902,5096
902,5097
902,5099
902,5101
902,5102
902,5104
902,5105
902,5127
902,5159
902,5178
902,5185
902,5195
902,5229
902,5230
902,5697
902,5699
902,5700
902,5702
902,5703
902,5705
902,5707
902,5708
902,5710
902,5719
902,5723
902,5724
902,5726
902,5728
902,5729
902,5731
902,5732
902,5734
902,5736
902,5737
902,5739
902,5740
902,5742
902,5743
902,5746
902,5748
902,5749
902,5751
902,5752
902,5754
902,5756
902,5759
902,5769
902,5770
902,5773
902,5775
902,5777
902,5782
902,5783
902,5786
902,5788
902,5790
902,5792
902,5793
902,5795
902,5796
902,5798
902,5800
902,5801
902,5803
902,5804
902,5806
902,5807
902,5809
902,5812
902,5818
902,5821
902,5888
902,5893
902,5899
902,5900
902,5905
902,5906
902,5918
902,5922
902,5940
902,5942
902,5943
902,5950
902,6470
902,6487
902,6493
902,6496
902,6499
902,6500
902,6503
902,6504
902,6509
902,6511
902,6512
902,6514
902,6515
902,6517
902,6519
902,6520
902,6522
902,6523
902,6526
902,6527
902,6532
902,6534
902,6535
902,6537
902,6538
902,6540
902,6542
902,6543
902,6545
902,6546
902,6548
902,6550
902,6551
902,6553
902,6554
902,6556
902,6558
902,6560
902,6562
902,6563
902,6565
902,6566
902,6568
902,6570
902,6571
902,6573
902,6574
902,6576
902,6577
902,6579
902,6581
902,6582
902,6584
902,6585
902,6587
902,6589
902,6590
902,6989
902,6990
902,7089
902,7093
902,7096
902,7101
902,7552
902,7680
902,7681
902,7683
902,7685
902,7686
902,7688
902,7689
